total 36288000 -> max I 25.112989
-> I = -0.0000 bit
        |   Amadu|  Calvin|   Fabio|    Luca|   Lukas|  Martin| Maurice|     Max|   Micha|Pharrell|   Felix|
    Anna| 10.0000| 10.0000| 10.0000| 10.0000| 10.0000| 10.0000| 10.0000| 10.0000| 10.0000| 10.0000| 10.0000|
 Cecilia| 10.0000| 10.0000| 10.0000| 10.0000| 10.0000| 10.0000| 10.0000| 10.0000| 10.0000| 10.0000| 10.0000|
  Celina| 10.0000| 10.0000| 10.0000| 10.0000| 10.0000| 10.0000| 10.0000| 10.0000| 10.0000| 10.0000| 10.0000|
  Franzi| 10.0000| 10.0000| 10.0000| 10.0000| 10.0000| 10.0000| 10.0000| 10.0000| 10.0000| 10.0000| 10.0000|
    Gina| 10.0000| 10.0000| 10.0000| 10.0000| 10.0000| 10.0000| 10.0000| 10.0000| 10.0000| 10.0000| 10.0000|
Isabelle| 10.0000| 10.0000| 10.0000| 10.0000| 10.0000| 10.0000| 10.0000| 10.0000| 10.0000| 10.0000| 10.0000|
  Karina| 10.0000| 10.0000| 10.0000| 10.0000| 10.0000| 10.0000| 10.0000| 10.0000| 10.0000| 10.0000| 10.0000|
   Luisa| 10.0000| 10.0000| 10.0000| 10.0000| 10.0000| 10.0000| 10.0000| 10.0000| 10.0000| 10.0000| 10.0000|
 Ricarda| 10.0000| 10.0000| 10.0000| 10.0000| 10.0000| 10.0000| 10.0000| 10.0000| 10.0000| 10.0000| 10.0000|
     Zoe| 10.0000| 10.0000| 10.0000| 10.0000| 10.0000| 10.0000| 10.0000| 10.0000| 10.0000| 10.0000| 10.0000|

opt: Zoe -> Martin => H = -nan
0
Zoe -> Martin
H = 0.5033 bit/X -> I = 0.1520 bit
        |   Amadu|  Calvin|   Fabio|    Luca|   Lukas|  Martin| Maurice|     Max|   Micha|Pharrell|   Felix|
    Anna|  9.8765|  9.8765|  9.8765|  9.8765|  9.8765| 11.1111|  9.8765|  9.8765|  9.8765|  9.8765| 10.0000|
 Cecilia|  9.8765|  9.8765|  9.8765|  9.8765|  9.8765| 11.1111|  9.8765|  9.8765|  9.8765|  9.8765| 10.0000|
  Celina|  9.8765|  9.8765|  9.8765|  9.8765|  9.8765| 11.1111|  9.8765|  9.8765|  9.8765|  9.8765| 10.0000|
  Franzi|  9.8765|  9.8765|  9.8765|  9.8765|  9.8765| 11.1111|  9.8765|  9.8765|  9.8765|  9.8765| 10.0000|
    Gina|  9.8765|  9.8765|  9.8765|  9.8765|  9.8765| 11.1111|  9.8765|  9.8765|  9.8765|  9.8765| 10.0000|
Isabelle|  9.8765|  9.8765|  9.8765|  9.8765|  9.8765| 11.1111|  9.8765|  9.8765|  9.8765|  9.8765| 10.0000|
  Karina|  9.8765|  9.8765|  9.8765|  9.8765|  9.8765| 11.1111|  9.8765|  9.8765|  9.8765|  9.8765| 10.0000|
   Luisa|  9.8765|  9.8765|  9.8765|  9.8765|  9.8765| 11.1111|  9.8765|  9.8765|  9.8765|  9.8765| 10.0000|
 Ricarda|  9.8765|  9.8765|  9.8765|  9.8765|  9.8765| 11.1111|  9.8765|  9.8765|  9.8765|  9.8765| 10.0000|
     Zoe| 11.1111| 11.1111| 11.1111| 11.1111| 11.1111|  0.0000| 11.1111| 11.1111| 11.1111| 11.1111| 10.0000|
32659200 left -> max I 24.960986

3
Anna -> Micha
Cecilia -> Amadu
Celina -> Martin
Franzi -> Max
Gina -> Calvin
Isabelle -> Lukas
Karina -> Pharrell
Luisa -> Fabio
Ricarda -> Maurice
Zoe -> Luca
-> I = 3.9926 bit
        |   Amadu|  Calvin|   Fabio|    Luca|   Lukas|  Martin| Maurice|     Max|   Micha|Pharrell|   Felix|
    Anna|  7.8099|  7.8099|  7.8099|  7.5296|  7.8099|  8.4337|  7.8099|  7.8099| 29.3675|  7.8099| 10.0000|
 Cecilia| 29.3675|  7.8099|  7.8099|  7.5296|  7.8099|  8.4337|  7.8099|  7.8099|  7.8099|  7.8099| 10.0000|
  Celina|  7.5296|  7.5296|  7.5296|  7.2328|  7.5296| 32.5301|  7.5296|  7.5296|  7.5296|  7.5296| 10.0000|
  Franzi|  7.8099|  7.8099|  7.8099|  7.5296|  7.8099|  8.4337|  7.8099| 29.3675|  7.8099|  7.8099| 10.0000|
    Gina|  7.8099| 29.3675|  7.8099|  7.5296|  7.8099|  8.4337|  7.8099|  7.8099|  7.8099|  7.8099| 10.0000|
Isabelle|  7.8099|  7.8099|  7.8099|  7.5296| 29.3675|  8.4337|  7.8099|  7.8099|  7.8099|  7.8099| 10.0000|
  Karina|  7.8099|  7.8099|  7.8099|  7.5296|  7.8099|  8.4337|  7.8099|  7.8099|  7.8099| 29.3675| 10.0000|
   Luisa|  7.8099|  7.8099| 29.3675|  7.5296|  7.8099|  8.4337|  7.8099|  7.8099|  7.8099|  7.8099| 10.0000|
 Ricarda|  7.8099|  7.8099|  7.8099|  7.5296|  7.8099|  8.4337| 29.3675|  7.8099|  7.8099|  7.8099| 10.0000|
     Zoe|  8.4337|  8.4337|  8.4337| 32.5301|  8.4337|  0.0000|  8.4337|  8.4337|  8.4337|  8.4337| 10.0000|
2051760 left -> max I 20.968431

opt: Karina -> Pharrell => H = -nan
0
Karina -> Pharrell
H = 0.9794 bit/X -> I = 0.5016 bit
        |   Amadu|  Calvin|   Fabio|    Luca|   Lukas|  Martin| Maurice|     Max|   Micha|Pharrell|   Felix|
    Anna|  7.0211|  7.0211|  7.0211|  6.7313|  7.0211|  7.4627|  7.0211|  7.0211| 32.6226| 11.0571| 10.0000|
 Cecilia| 32.6226|  7.0211|  7.0211|  6.7313|  7.0211|  7.4627|  7.0211|  7.0211|  7.0211| 11.0571| 10.0000|
  Celina|  6.7313|  6.7313|  6.7313|  6.4000|  6.7313| 35.8209|  6.7313|  6.7313|  6.7313| 10.6603| 10.0000|
  Franzi|  7.0211|  7.0211|  7.0211|  6.7313|  7.0211|  7.4627|  7.0211| 32.6226|  7.0211| 11.0571| 10.0000|
    Gina|  7.0211| 32.6226|  7.0211|  6.7313|  7.0211|  7.4627|  7.0211|  7.0211|  7.0211| 11.0571| 10.0000|
Isabelle|  7.0211|  7.0211|  7.0211|  6.7313| 32.6226|  7.4627|  7.0211|  7.0211|  7.0211| 11.0571| 10.0000|
  Karina| 11.0571| 11.0571| 11.0571| 10.6603| 11.0571| 11.9403| 11.0571| 11.0571| 11.0571|  0.0000| 10.0000|
   Luisa|  7.0211|  7.0211| 32.6226|  6.7313|  7.0211|  7.4627|  7.0211|  7.0211|  7.0211| 11.0571| 10.0000|
 Ricarda|  7.0211|  7.0211|  7.0211|  6.7313|  7.0211|  7.4627| 32.6226|  7.0211|  7.0211| 11.0571| 10.0000|
     Zoe|  7.4627|  7.4627|  7.4627| 35.8209|  7.4627|  0.0000|  7.4627|  7.4627|  7.4627| 11.9403| 10.0000|
1449210 left -> max I 20.466835

2
Anna -> Micha
Cecilia -> Pharrell
Celina -> Max
Franzi -> Luca
Gina -> Amadu
Isabelle -> Martin
Karina -> Fabio
Luisa -> Calvin
Ricarda -> Maurice
Zoe -> Lukas
-> I = 2.0666 bit
        |   Amadu|  Calvin|   Fabio|    Luca|   Lukas|  Martin| Maurice|     Max|   Micha|Pharrell|   Felix|
    Anna|  5.7494|  5.6367|  5.3707|  5.4025|  5.5962|  6.0038|  2.8559|  5.6106| 49.6748|  8.0994| 10.0000|
 Cecilia| 27.0819|  7.5271|  7.3132|  7.1860|  7.4433|  8.0185|  5.3707|  7.4201|  5.3707| 17.2684| 10.0000|
  Celina|  7.5329|  7.4548|  7.1860|  7.2062|  7.5589| 31.1548|  5.4025| 10.4235|  5.4025| 10.6778| 10.0000|
  Franzi|  7.7873|  7.7410|  7.4201| 10.4235|  7.7583|  8.4261|  5.6106| 28.2526|  5.6106| 10.9698| 10.0000|
    Gina| 10.9900| 28.0040|  7.5271|  7.4548|  7.7237|  8.3365|  5.6367|  7.7410|  5.6367| 10.9496| 10.0000|
Isabelle|  7.8364|  7.7237|  7.4433|  7.5589| 27.9202| 11.6433|  5.5962|  7.7583|  5.5962| 10.9235| 10.0000|
  Karina| 11.0334| 10.9496| 17.2684| 10.6778| 10.9235| 11.9786|  8.0994| 10.9698|  8.0994|  0.0000| 10.0000|
   Luisa|  7.8046| 10.9900| 27.0819|  7.5329|  7.8364|  8.4347|  5.7494|  7.7873|  5.7494| 11.0334| 10.0000|
 Ricarda|  5.7494|  5.6367|  5.3707|  5.4025|  5.5962|  6.0038| 49.6748|  5.6106|  2.8559|  8.0994| 10.0000|
     Zoe|  8.4347|  8.3365|  8.0185| 31.1548| 11.6433|  0.0000|  6.0038|  8.4261|  6.0038| 11.9786| 10.0000|
345950 left -> max I 18.400204

opt: Celina -> Lukas => H = -nan
0
Celina -> Lukas
H = 0.4084 bit/X -> I = 0.1134 bit
        |   Amadu|  Calvin|   Fabio|    Luca|   Lukas|  Martin| Maurice|     Max|   Micha|Pharrell|   Felix|
    Anna|  5.7942|  5.6879|  5.4409|  5.4816|  6.0538|  5.8755|  2.9518|  5.6379| 48.9837|  8.0926| 10.0000|
 Cecilia| 26.4916|  7.5235|  7.3483|  7.2295|  8.0519|  7.8018|  5.4409|  7.4422|  5.4409| 17.2295| 10.0000|
  Celina|  8.1488|  8.0644|  7.7736|  7.7955|  0.0000| 33.7023|  5.8443| 11.2758|  5.8443| 11.5510| 10.0000|
  Franzi|  7.7986|  7.7736|  7.4359| 10.5785|  8.3927|  8.2364|  5.6817| 27.5453|  5.6817| 10.8755| 10.0000|
    Gina| 11.2101| 27.3452|  7.5235|  7.5266|  8.3552|  8.0582|  5.6879|  7.7736|  5.6879| 10.8318| 10.0000|
Isabelle|  7.6517|  7.5141|  7.2921|  7.4547| 30.2033| 10.7036|  5.5003|  7.5547|  5.5003| 10.6254| 10.0000|
  Karina| 10.9006| 10.8318| 17.2295| 10.6285| 11.8168| 11.5666|  8.0926| 10.8412|  8.0926|  0.0000| 10.0000|
   Luisa|  7.7642| 11.2101| 26.4916|  7.5704|  8.4772|  8.1801|  5.7942|  7.8174|  5.7942| 10.9006| 10.0000|
 Ricarda|  5.7942|  5.6879|  5.4409|  5.4816|  6.0538|  5.8755| 48.9837|  5.6379|  2.9518|  8.0926| 10.0000|
     Zoe|  8.4459|  8.3615|  8.0238| 30.2533| 12.5954|  0.0000|  6.0225|  8.4740|  6.0225| 11.8011| 10.0000|
319800 left -> max I 18.286810

3
Anna -> Martin
Cecilia -> Amadu
Celina -> Fabio
Franzi -> Lukas
Gina -> Micha
Isabelle -> Luca
Karina -> Calvin
Luisa -> Pharrell
Ricarda -> Maurice
Zoe -> Max
-> I = 3.1567 bit
        |   Amadu|  Calvin|   Fabio|    Luca|   Lukas|  Martin| Maurice|     Max|   Micha|Pharrell|   Felix|
    Anna|  4.4897|  7.1946|  7.9755|  6.9437|  7.5014| 16.3971|  0.7808|  6.9158| 32.0692|  9.7323| 10.0000|
 Cecilia| 53.6531|  5.3820|  5.5494|  4.8801|  5.4936|  5.8003|  0.5856|  5.0195|  4.9916|  8.6447| 10.0000|
  Celina|  5.2426|  8.2264| 19.4088|  8.2264|  0.0000| 26.2131|  1.8405| 11.4612|  8.0033| 11.3776| 10.0000|
  Franzi|  5.5772|  7.1389|  7.6966| 10.4573| 21.1099|  8.9794|  1.8963| 19.4646|  7.7803|  9.8996| 10.0000|
    Gina|  6.3581| 20.8589|  8.5332|  8.8957|  9.7602|  9.1746|  2.4261|  8.7284| 14.7797| 10.4852| 10.0000|
Isabelle|  5.5772|  6.9994|  7.7245| 18.8232| 22.3369| 11.0151|  1.8963|  7.7803|  7.5293| 10.3179| 10.0000|
  Karina|  7.4177| 25.2091| 13.8316|  9.8717| 10.4573| 11.5170|  2.6771|  9.7323|  9.2861|  0.0000| 10.0000|
   Luisa|  5.1590|  9.5371| 19.1299|  7.4456|  8.3659|  8.5053|  1.8405|  7.6408|  6.9158| 25.4601| 10.0000|
 Ricarda|  0.6414|  1.6174|  1.8126|  2.0636|  2.2309|  2.3982| 83.8818|  1.9799|  0.5577|  2.8165| 10.0000|
     Zoe|  5.8840|  7.8360|  8.3380| 22.3926| 12.7440|  0.0000|  2.1751| 21.2772|  8.0870| 11.2660| 10.0000|
35860 left -> max I 15.130088

opt: Anna -> Lukas => H = -nan
1
Luisa -> Lukas
H = -nan bit/X -> I = 3.5793 bit
        |   Amadu|  Calvin|   Fabio|    Luca|   Lukas|  Martin| Maurice|     Max|   Micha|Pharrell|   Felix|
    Anna|  3.3333|  7.0000| 11.0000|  5.0000|  0.0000| 17.3333|  0.0000|  6.6667| 36.3333| 13.3333| 10.0000|
 Cecilia| 68.6667|  3.3333|  5.0000|  3.0000|  0.0000|  5.0000|  0.0000|  3.3333|  2.6667|  9.0000| 10.0000|
  Celina|  3.0000|  8.3333| 23.6667|  6.3333|  0.0000| 25.0000|  0.6667|  9.3333|  8.6667| 15.0000| 10.0000|
  Franzi|  6.6667|  8.3333| 10.3333| 12.3333|  0.0000| 11.3333|  1.6667| 25.6667|  8.3333| 15.3333| 10.0000|
    Gina|  2.6667| 25.6667| 10.3333|  9.6667|  0.0000|  9.3333|  2.0000| 10.6667| 14.6667| 15.0000| 10.0000|
Isabelle|  5.6667|  8.0000|  9.0000| 26.3333|  0.0000| 17.3333|  1.0000|  9.0000|  9.6667| 14.0000| 10.0000|
  Karina|  5.3333| 31.3333| 19.6667| 11.0000|  0.0000| 13.6667|  0.6667| 10.0000|  8.3333|  0.0000| 10.0000|
   Luisa|  0.0000|  0.0000|  0.0000|  0.0000|100.0000|  0.0000|  0.0000|  0.0000|  0.0000|  0.0000| 10.0000|
 Ricarda|  0.0000|  0.6667|  0.6667|  1.0000|  0.0000|  1.0000| 93.3333|  0.6667|  0.0000|  2.6667| 10.0000|
     Zoe|  4.6667|  7.3333| 10.3333| 25.3333|  0.0000|  0.0000|  0.6667| 24.6667| 11.3333| 15.6667| 10.0000|
3000 left -> max I 11.550747

opt: Anna -> Lukas => H = -nan
1
Luisa -> Lukas
H = -nan bit/X -> I = -0.0000 bit
        |   Amadu|  Calvin|   Fabio|    Luca|   Lukas|  Martin| Maurice|     Max|   Micha|Pharrell|   Felix|
    Anna|  3.3333|  7.0000| 11.0000|  5.0000|  0.0000| 17.3333|  0.0000|  6.6667| 36.3333| 13.3333| 10.0000|
 Cecilia| 68.6667|  3.3333|  5.0000|  3.0000|  0.0000|  5.0000|  0.0000|  3.3333|  2.6667|  9.0000| 10.0000|
  Celina|  3.0000|  8.3333| 23.6667|  6.3333|  0.0000| 25.0000|  0.6667|  9.3333|  8.6667| 15.0000| 10.0000|
  Franzi|  6.6667|  8.3333| 10.3333| 12.3333|  0.0000| 11.3333|  1.6667| 25.6667|  8.3333| 15.3333| 10.0000|
    Gina|  2.6667| 25.6667| 10.3333|  9.6667|  0.0000|  9.3333|  2.0000| 10.6667| 14.6667| 15.0000| 10.0000|
Isabelle|  5.6667|  8.0000|  9.0000| 26.3333|  0.0000| 17.3333|  1.0000|  9.0000|  9.6667| 14.0000| 10.0000|
  Karina|  5.3333| 31.3333| 19.6667| 11.0000|  0.0000| 13.6667|  0.6667| 10.0000|  8.3333|  0.0000| 10.0000|
   Luisa|  0.0000|  0.0000|  0.0000|  0.0000|100.0000|  0.0000|  0.0000|  0.0000|  0.0000|  0.0000| 10.0000|
 Ricarda|  0.0000|  0.6667|  0.6667|  1.0000|  0.0000|  1.0000| 93.3333|  0.6667|  0.0000|  2.6667| 10.0000|
     Zoe|  4.6667|  7.3333| 10.3333| 25.3333|  0.0000|  0.0000|  0.6667| 24.6667| 11.3333| 15.6667| 10.0000|
3000 left -> max I 11.550747

opt: Anna -> Lukas => H = -nan
0
Luisa -> Felix
H = 0.5033 bit/X -> I = 0.1520 bit
        |   Amadu|  Calvin|   Fabio|    Luca|   Lukas|  Martin| Maurice|     Max|   Micha|Pharrell|   Felix|
    Anna|  3.3333|  7.0000| 11.0000|  5.0000|  0.0000| 17.3333|  0.0000|  6.6667| 36.3333| 13.3333| 11.1111|
 Cecilia| 68.6667|  3.3333|  5.0000|  3.0000|  0.0000|  5.0000|  0.0000|  3.3333|  2.6667|  9.0000| 11.1111|
  Celina|  3.0000|  8.3333| 23.6667|  6.3333|  0.0000| 25.0000|  0.6667|  9.3333|  8.6667| 15.0000| 11.1111|
  Franzi|  6.6667|  8.3333| 10.3333| 12.3333|  0.0000| 11.3333|  1.6667| 25.6667|  8.3333| 15.3333| 11.1111|
    Gina|  2.6667| 25.6667| 10.3333|  9.6667|  0.0000|  9.3333|  2.0000| 10.6667| 14.6667| 15.0000| 11.1111|
Isabelle|  5.6667|  8.0000|  9.0000| 26.3333|  0.0000| 17.3333|  1.0000|  9.0000|  9.6667| 14.0000| 11.1111|
  Karina|  5.3333| 31.3333| 19.6667| 11.0000|  0.0000| 13.6667|  0.6667| 10.0000|  8.3333|  0.0000| 11.1111|
   Luisa|  0.0000|  0.0000|  0.0000|  0.0000|100.0000|  0.0000|  0.0000|  0.0000|  0.0000|  0.0000|  0.0000|
 Ricarda|  0.0000|  0.6667|  0.6667|  1.0000|  0.0000|  1.0000| 93.3333|  0.6667|  0.0000|  2.6667| 11.1111|
     Zoe|  4.6667|  7.3333| 10.3333| 25.3333|  0.0000|  0.0000|  0.6667| 24.6667| 11.3333| 15.6667| 11.1111|
2700 left -> max I 11.398744

opt: Anna -> Lukas => H = -nan
0
Ricarda -> Felix
H = 0.5436 bit/X -> I = 0.1699 bit
        |   Amadu|  Calvin|   Fabio|    Luca|   Lukas|  Martin| Maurice|     Max|   Micha|Pharrell|   Felix|
    Anna|  3.3333|  7.0000| 11.0000|  5.0000|  0.0000| 17.3333|  0.0000|  6.6667| 36.3333| 13.3333| 12.5000|
 Cecilia| 68.6667|  3.3333|  5.0000|  3.0000|  0.0000|  5.0000|  0.0000|  3.3333|  2.6667|  9.0000| 12.5000|
  Celina|  3.0000|  8.3333| 23.6667|  6.3333|  0.0000| 25.0000|  0.6667|  9.3333|  8.6667| 15.0000| 12.5000|
  Franzi|  6.6667|  8.3333| 10.3333| 12.3333|  0.0000| 11.3333|  1.6667| 25.6667|  8.3333| 15.3333| 12.5000|
    Gina|  2.6667| 25.6667| 10.3333|  9.6667|  0.0000|  9.3333|  2.0000| 10.6667| 14.6667| 15.0000| 12.5000|
Isabelle|  5.6667|  8.0000|  9.0000| 26.3333|  0.0000| 17.3333|  1.0000|  9.0000|  9.6667| 14.0000| 12.5000|
  Karina|  5.3333| 31.3333| 19.6667| 11.0000|  0.0000| 13.6667|  0.6667| 10.0000|  8.3333|  0.0000| 12.5000|
   Luisa|  0.0000|  0.0000|  0.0000|  0.0000|100.0000|  0.0000|  0.0000|  0.0000|  0.0000|  0.0000|  0.0000|
 Ricarda|  0.0000|  0.6667|  0.6667|  1.0000|  0.0000|  1.0000| 93.3333|  0.6667|  0.0000|  2.6667|  0.0000|
     Zoe|  4.6667|  7.3333| 10.3333| 25.3333|  0.0000|  0.0000|  0.6667| 24.6667| 11.3333| 15.6667| 12.5000|
2400 left -> max I 11.228819

3
Anna -> Pharrell
Cecilia -> Amadu
Celina -> Fabio
Franzi -> Micha
Gina -> Felix
Isabelle -> Maurice
Karina -> Martin
Luisa -> Lukas
Ricarda -> Max
Zoe -> Luca
-> I = 1.5742 bit
        |   Amadu|  Calvin|   Fabio|    Luca|   Lukas|  Martin| Maurice|     Max|   Micha|Pharrell|   Felix|
    Anna|  2.8536|  6.3275|  9.8015|  3.7221|  0.0000| 16.5012|  0.0000|  6.3275| 38.3375| 16.1290| 12.1588|
 Cecilia| 80.1489|  2.2333|  1.6129|  2.1092|  0.0000|  3.4739|  0.0000|  4.4665|  1.2407|  4.7146| 12.1588|
  Celina|  1.2407|  9.3052| 32.1340|  8.3127|  0.0000| 16.3772|  0.2481|  9.3052| 10.2978| 12.7792| 12.1588|
  Franzi|  6.8238| 12.0347|  9.9256| 12.1588|  0.0000| 12.7792|  1.1166| 19.6030|  7.0720| 18.4864| 12.1588|
    Gina|  1.4888| 24.0695|  9.3052| 11.0422|  0.0000|  8.8089|  1.3648| 15.3846| 10.9181| 17.6179| 14.8883|
Isabelle|  4.3424| 11.2903|  7.8164| 16.9975|  0.0000| 22.4566|  1.7370|  9.3052| 10.5459| 15.5087| 12.1588|
  Karina|  0.7444| 25.5583| 19.4789| 13.6476|  0.0000| 18.4864|  1.7370|  9.9256| 10.4218|  0.0000| 12.1588|
   Luisa|  0.0000|  0.0000|  0.0000|  0.0000|100.0000|  0.0000|  0.0000|  0.0000|  0.0000|  0.0000|  0.0000|
 Ricarda|  0.0000|  0.2481|  0.9926|  2.6055|  0.0000|  1.1166| 92.0596|  0.0000|  0.0000|  2.9777|  0.0000|
     Zoe|  2.3573|  8.9330|  8.9330| 29.4045|  0.0000|  0.0000|  1.7370| 25.6824| 11.1663| 11.7866| 12.1588|
806 left -> max I 9.654636

opt: Anna -> Lukas => H = -nan
0
Isabelle -> Pharrell
H = 0.6878 bit/X -> I = 0.2431 bit
        |   Amadu|  Calvin|   Fabio|    Luca|   Lukas|  Martin| Maurice|     Max|   Micha|Pharrell|   Felix|
    Anna|  3.3774|  6.1674| 10.2790|  4.2584|  0.0000| 14.5374|  0.0000|  6.3142| 35.9765| 19.0896| 12.1880|
 Cecilia| 81.4978|  1.4684|  1.7621|  1.1747|  0.0000|  2.7900|  0.0000|  4.2584|  1.4684|  5.5800| 12.1880|
  Celina|  1.3216|  8.5169| 30.2496|  8.6637|  0.0000| 17.4743|  0.2937|  8.8106|  9.5448| 15.1248| 12.1880|
  Franzi|  4.8458| 11.1601| 10.4258| 11.3069|  0.0000| 11.4537|  1.3216| 21.2922|  6.3142| 21.8796| 12.1880|
    Gina|  0.5874| 23.6417|  8.5169|  9.5448|  0.0000|  9.1043|  1.4684| 14.8311| 11.4537| 20.8517| 14.6843|
Isabelle|  5.1395| 13.3627|  9.2511| 20.1175|  0.0000| 26.5786|  2.0558| 11.0132| 12.4816|  0.0000| 12.1880|
  Karina|  0.7342| 27.1659| 19.3833| 13.5095|  0.0000| 17.7680|  1.0279| 10.2790| 10.1322|  0.0000| 12.1880|
   Luisa|  0.0000|  0.0000|  0.0000|  0.0000|100.0000|  0.0000|  0.0000|  0.0000|  0.0000|  0.0000|  0.0000|
 Ricarda|  0.0000|  0.2937|  1.0279|  3.0837|  0.0000|  0.2937| 91.7768|  0.0000|  0.0000|  3.5242|  0.0000|
     Zoe|  2.4963|  8.2232|  9.1043| 28.3407|  0.0000|  0.0000|  2.0558| 23.2012| 12.6285| 13.9501| 12.1880|
681 left -> max I 9.411511

3
Anna -> Micha
Cecilia -> Maurice
Celina -> Fabio
Franzi -> Max
Gina -> Felix
Isabelle -> Martin
Karina -> Calvin
Luisa -> Lukas
Ricarda -> Pharrell
Zoe -> Luca
-> I = 1.9603 bit
        |   Amadu|  Calvin|   Fabio|    Luca|   Lukas|  Martin| Maurice|     Max|   Micha|Pharrell|   Felix|
    Anna|  4.0000|  5.1429| 18.2857|  4.5714|  0.0000| 11.4286|  0.0000|  5.7143| 46.2857|  4.5714| 11.4286|
 Cecilia| 74.2857|  0.5714|  1.1429|  4.0000|  0.0000|  0.0000|  0.0000|  8.0000|  0.0000| 12.0000| 11.4286|
  Celina|  0.5714| 12.0000| 52.0000|  1.7143|  0.0000|  8.5714|  0.5714|  8.0000|  1.7143| 14.8571| 11.4286|
  Franzi| 12.5714|  9.1429|  6.2857|  6.8571|  0.0000| 18.8571|  1.1429| 13.1429|  0.0000| 32.0000| 11.4286|
    Gina|  0.0000| 36.0000|  2.2857|  6.2857|  0.0000| 17.1429|  0.5714|  4.5714| 16.5714| 16.5714| 20.0000|
Isabelle|  4.0000| 10.8571|  2.2857| 21.1429|  0.0000| 25.7143|  4.0000| 16.5714| 15.4286|  0.0000| 11.4286|
  Karina|  0.0000| 14.8571|  7.4286| 27.4286|  0.0000| 17.1429|  0.0000| 28.0000|  5.1429|  0.0000| 11.4286|
   Luisa|  0.0000|  0.0000|  0.0000|  0.0000|100.0000|  0.0000|  0.0000|  0.0000|  0.0000|  0.0000|  0.0000|
 Ricarda|  0.0000|  1.1429|  4.0000|  0.0000|  0.0000|  1.1429| 93.7143|  0.0000|  0.0000|  0.0000|  0.0000|
     Zoe|  4.5714| 10.2857|  6.2857| 28.0000|  0.0000|  0.0000|  0.0000| 16.0000| 14.8571| 20.0000| 11.4286|
175 left -> max I 7.451211

opt: Anna -> Amadu => H = -nan
1
Cecilia -> Amadu
H = -nan bit/X -> I = 0.4288 bit
        |   Amadu|  Calvin|   Fabio|    Luca|   Lukas|  Martin| Maurice|     Max|   Micha|Pharrell|   Felix|
    Anna|  0.0000|  6.9231| 24.6154|  6.1538|  0.0000|  4.6154|  0.0000|  7.6923| 44.6154|  5.3846| 10.7692|
 Cecilia|100.0000|  0.0000|  0.0000|  0.0000|  0.0000|  0.0000|  0.0000|  0.0000|  0.0000|  0.0000| 10.7692|
  Celina|  0.0000| 16.1538| 37.6923|  2.3077|  0.0000| 10.7692|  0.7692| 10.7692|  2.3077| 19.2308| 10.7692|
  Franzi|  0.0000| 12.3077|  8.4615|  9.2308|  0.0000| 25.3846|  1.5385| 11.5385|  0.0000| 31.5385| 10.7692|
    Gina|  0.0000| 14.6154|  3.0769|  8.4615|  0.0000| 23.0769|  0.7692|  6.1538| 21.5385| 22.3077| 24.6154|
Isabelle|  0.0000| 14.6154|  3.0769| 10.0000|  0.0000| 34.6154|  5.3846| 16.9231| 15.3846|  0.0000| 10.7692|
  Karina|  0.0000| 20.0000|  9.2308| 36.9231|  0.0000|  0.0000|  0.0000| 32.3077|  1.5385|  0.0000| 10.7692|
   Luisa|  0.0000|  0.0000|  0.0000|  0.0000|100.0000|  0.0000|  0.0000|  0.0000|  0.0000|  0.0000|  0.0000|
 Ricarda|  0.0000|  1.5385|  5.3846|  0.0000|  0.0000|  1.5385| 91.5385|  0.0000|  0.0000|  0.0000|  0.0000|
     Zoe|  0.0000| 13.8462|  8.4615| 26.9231|  0.0000|  0.0000|  0.0000| 14.6154| 14.6154| 21.5385| 10.7692|
130 left -> max I 7.022368

opt: Anna -> Amadu => H = -nan
0
Cecilia -> Felix
H = 0.5313 bit/X -> I = 0.1644 bit
        |   Amadu|  Calvin|   Fabio|    Luca|   Lukas|  Martin| Maurice|     Max|   Micha|Pharrell|   Felix|
    Anna|  0.0000|  6.8966| 24.1379|  6.0345|  0.0000|  5.1724|  0.0000|  7.7586| 44.8276|  5.1724| 12.0690|
 Cecilia|100.0000|  0.0000|  0.0000|  0.0000|  0.0000|  0.0000|  0.0000|  0.0000|  0.0000|  0.0000|  0.0000|
  Celina|  0.0000| 16.3793| 36.2069|  2.5862|  0.0000| 11.2069|  0.8621| 10.3448|  2.5862| 19.8276| 12.0690|
  Franzi|  0.0000| 12.0690|  8.6207|  9.4828|  0.0000| 25.0000|  1.7241| 12.0690|  0.0000| 31.0345| 12.0690|
    Gina|  0.0000| 14.6552|  3.4483|  8.6207|  0.0000| 23.2759|  0.8621|  6.0345| 20.6897| 22.4138| 27.5862|
Isabelle|  0.0000| 14.6552|  3.4483| 11.2069|  0.0000| 33.6207|  5.1724| 16.3793| 15.5172|  0.0000| 12.0690|
  Karina|  0.0000| 19.8276| 10.3448| 36.2069|  0.0000|  0.0000|  0.0000| 31.8966|  1.7241|  0.0000| 12.0690|
   Luisa|  0.0000|  0.0000|  0.0000|  0.0000|100.0000|  0.0000|  0.0000|  0.0000|  0.0000|  0.0000|  0.0000|
 Ricarda|  0.0000|  1.7241|  5.1724|  0.0000|  0.0000|  1.7241| 91.3793|  0.0000|  0.0000|  0.0000|  0.0000|
     Zoe|  0.0000| 13.7931|  8.6207| 25.8621|  0.0000|  0.0000|  0.0000| 15.5172| 14.6552| 21.5517| 12.0690|
116 left -> max I 6.857981

4
Anna -> Micha
Cecilia -> Amadu
Celina -> Fabio
Franzi -> Max
Gina -> Felix
Isabelle -> Martin
Karina -> Calvin
Luisa -> Lukas
Ricarda -> Pharrell
Zoe -> Luca
-> I = -0.0000 bit
        |   Amadu|  Calvin|   Fabio|    Luca|   Lukas|  Martin| Maurice|     Max|   Micha|Pharrell|   Felix|
    Anna|  0.0000|  6.8966| 24.1379|  6.0345|  0.0000|  5.1724|  0.0000|  7.7586| 44.8276|  5.1724| 12.0690|
 Cecilia|100.0000|  0.0000|  0.0000|  0.0000|  0.0000|  0.0000|  0.0000|  0.0000|  0.0000|  0.0000|  0.0000|
  Celina|  0.0000| 16.3793| 36.2069|  2.5862|  0.0000| 11.2069|  0.8621| 10.3448|  2.5862| 19.8276| 12.0690|
  Franzi|  0.0000| 12.0690|  8.6207|  9.4828|  0.0000| 25.0000|  1.7241| 12.0690|  0.0000| 31.0345| 12.0690|
    Gina|  0.0000| 14.6552|  3.4483|  8.6207|  0.0000| 23.2759|  0.8621|  6.0345| 20.6897| 22.4138| 27.5862|
Isabelle|  0.0000| 14.6552|  3.4483| 11.2069|  0.0000| 33.6207|  5.1724| 16.3793| 15.5172|  0.0000| 12.0690|
  Karina|  0.0000| 19.8276| 10.3448| 36.2069|  0.0000|  0.0000|  0.0000| 31.8966|  1.7241|  0.0000| 12.0690|
   Luisa|  0.0000|  0.0000|  0.0000|  0.0000|100.0000|  0.0000|  0.0000|  0.0000|  0.0000|  0.0000|  0.0000|
 Ricarda|  0.0000|  1.7241|  5.1724|  0.0000|  0.0000|  1.7241| 91.3793|  0.0000|  0.0000|  0.0000|  0.0000|
     Zoe|  0.0000| 13.7931|  8.6207| 25.8621|  0.0000|  0.0000|  0.0000| 15.5172| 14.6552| 21.5517| 12.0690|
116 left -> max I 6.857981

# |    Anna|  Cecilia|   Celina|   Franzi|     Gina| Isabelle|   Karina|    Luisa|  Ricarda|      Zoe| 
=======================================================================================================
01|   Micha|    Amadu|   Martin|      Max|   Calvin|    Lukas| Pharrell|    Fabio|  Maurice|     Luca| |3.9926|
02|   Micha| Pharrell|      Max|     Luca|    Amadu|   Martin|    Fabio|   Calvin|  Maurice|    Lukas| |2.0666|
03|  Martin|    Amadu|    Fabio|    Lukas|    Micha|     Luca|   Calvin| Pharrell|  Maurice|      Max| |3.1567|
04|Pharrell|    Amadu|    Fabio|    Micha|    Felix|  Maurice|   Martin|    Lukas|      Max|     Luca| |1.5742|
05|   Micha|  Maurice|    Fabio|      Max|    Felix|   Martin|   Calvin|    Lukas| Pharrell|     Luca| |1.9603|
06|   Micha|    Amadu|    Fabio|      Max|    Felix|   Martin|   Calvin|    Lukas| Pharrell|     Luca| |-0.0000|


# |   Amadu|   Calvin|    Fabio|     Luca|    Lukas|   Martin|  Maurice|      Max|    Micha| Pharrell|    Felix| 
=================================================================================================================
01| Cecilia|     Gina|    Luisa|      Zoe| Isabelle|   Celina|  Ricarda|   Franzi|     Anna|   Karina|      nil| |3.9926|
02|    Gina|    Luisa|   Karina|   Franzi|      Zoe| Isabelle|  Ricarda|   Celina|     Anna|  Cecilia|      nil| |2.0666|
03| Cecilia|   Karina|   Celina| Isabelle|   Franzi|     Anna|  Ricarda|      Zoe|     Gina|    Luisa|      nil| |3.1567|
04| Cecilia|      nil|   Celina|      Zoe|    Luisa|   Karina| Isabelle|  Ricarda|   Franzi|     Anna|     Gina| |1.5742|
05|     nil|   Karina|   Celina|      Zoe|    Luisa| Isabelle|  Cecilia|   Franzi|     Anna|  Ricarda|     Gina| |1.9603|
06| Cecilia|   Karina|   Celina|      Zoe|    Luisa| Isabelle|      nil|   Franzi|     Anna|  Ricarda|     Gina| |-0.0000|

